theta = 0.22386128655837736 threshold = 28.0
M = 4737 N = 126 Meff = 219.03411556848164
